       0       0
     0.2   0.151
     0.4   0.349
     0.6   0.572
     0.8   0.759
       1   0.941
     1.2   1.029
     1.4   1.057
     1.6   1.091
     1.8   1.125
       2   1.197
     2.2   1.777
     2.4   1.102
     2.6   1.082
     2.8   0.947
       3   0.967
     3.2   0.848
     3.4   0.819
     3.6   0.773
     3.8   0.669
       4   0.647
     4.2   0.582
     4.4    0.54
     4.6   0.488
     4.8   0.436
       5   0.393
     5.2   0.372
     5.4   0.332
     5.6   0.306
     5.8   0.282
